"","Totale stemmen","VVD","CDA","PVV","D66","SP","GL","PvdA","CU","50+","PvdD","SGP","FvD","DENK"
"Aa en Hunze",16963,0.251606437540529,0.102576195248482,0.0990980369038496,0.127512822024406,0.114189707009373,0.0904321169604433,0.107881860519955,0.0203383835406473,0.0360785238460178,0.0321877026469375,0.00341920650828273,0.0145021517420268,0.000176855509049107
"Aalburg",8264,0.160575992255566,0.164811229428848,0.148717328170378,0.0355759922555663,0.0537270087124879,0.0199661181026137,0.0180300096805421,0.112657308809293,0.0186350435624395,0.0179090029041626,0.236447241045499,0.0121006776379477,0.000847047434656341
"Aalsmeer",19144,0.353322189720017,0.124947764312578,0.122806101128291,0.109694943585458,0.0477956539908065,0.0582950271625575,0.0432511491851233,0.0416840785624739,0.0342143752611784,0.0263790221479315,0.00673840367739239,0.0248641872127037,0.00600710405348934
"Aalten",17128,0.194068192433442,0.248423633815974,0.0967421765530126,0.0996613731900981,0.12943717888837,0.0663825315273237,0.0462984586641756,0.0475245212517515,0.029542269967305,0.0181574030826716,0.00683092013078001,0.0106842596917328,0.00624708080336291
"Achtkarspelen",16881,0.11924649013684,0.243232036016824,0.17013210117884,0.0534920917007286,0.115396007345536,0.0466796990699603,0.0642734435163794,0.104673893726675,0.0288490018363841,0.0167051714945797,0.0164089805106333,0.0206148924826728,0.000296190983946449
"Alblasserdam",12199,0.156324288876137,0.120255758668743,0.141650954996311,0.0653332240347569,0.0750061480449217,0.0506598901549307,0.0560701696860398,0.0911550127059595,0.0286089023690466,0.0200836134109353,0.160259037626035,0.0173784736453808,0.0172145257808017
"Albrandswaard",15513,0.290014826274737,0.113517694836589,0.175078966028492,0.106169019532005,0.0656223812286469,0.0555018371688261,0.0478308515438664,0.0285566943853542,0.0362921420743892,0.0277186875523754,0.0131502610713595,0.030490556307613,0.0100560819957455
"Alkmaar",66357,0.226652802266528,0.0882800608828006,0.109046521090465,0.142486851424869,0.0877224708772247,0.13089802130898,0.0743403107434031,0.0162303901623039,0.0338321503383215,0.0488569404885694,0.0020947300209473,0.0202540802025408,0.0193046701930467
"Almelo",41596,0.180377920953938,0.156697759399942,0.180786614097509,0.0973410904894701,0.110467352630061,0.0657274737955573,0.057433407058371,0.0331281854024425,0.0304115780363497,0.0213001250120204,0.00519280700067314,0.01654005192807,0.0445956341955957
"Almere",105425,0.216476167891866,0.0678302110505098,0.162523120701921,0.126260374673939,0.0903675598766896,0.103296182119991,0.0619871946881669,0.0271188048375622,0.0477021579321793,0.0403225041498696,0.00259900403130187,0.0239222195873844,0.0295944984586199
"Alphen aan den Rijn",67840,0.262809551886792,0.134124410377358,0.117290683962264,0.121108490566038,0.0658018867924528,0.0798938679245283,0.0473614386792453,0.0451650943396226,0.028626179245283,0.0289652122641509,0.0280070754716981,0.0224941037735849,0.0183520047169811
"Alphen-Chaam",6619,0.309865538600997,0.215289318628192,0.120713098655386,0.101374830034748,0.0927632572896208,0.0497053935639825,0.0276476809185678,0.00664752983834416,0.0330865689681221,0.0232663544342046,0.0019640429067835,0.015712343254268,0.0019640429067835
"Ameland",2727,0.262192885955262,0.224789145581225,0.0971763843050972,0.0957095709570957,0.0638063806380638,0.0634396773010634,0.088008800880088,0.0198019801980198,0.0275027502750275,0.0253025302530253,0.00293362669600293,0.0293362669600293,0
"Amersfoort",94723,0.213834021304224,0.097040845412413,0.0909071714367155,0.158039758031312,0.0714293255070046,0.12506994077468,0.0570927863348923,0.0695184907572606,0.0209875109529892,0.0356090917728535,0.00960695923904437,0.014822165683097,0.0360419327935137
"Amstelveen",48818,0.285263632266787,0.082264738416158,0.0903355319759105,0.183047236674997,0.0561473227088369,0.109344913761318,0.0704248432955058,0.0210782907943791,0.032836248924577,0.0391453971895612,0.00391249129419476,0.0180261378999549,0.00817321479782048
"Amsterdam",440854,0.159347539094576,0.0307630190493905,0.0709078288957342,0.196005933937313,0.066520889001801,0.205446701175446,0.0868291996896932,0.0154994624070554,0.0201971627795143,0.0624991493782522,0.0015583390419504,0.0129453288390261,0.0714794467102488
"Apeldoorn",101083,0.222193642847957,0.127241969470633,0.116468644579207,0.12277039660477,0.0827438837391055,0.0880662425927208,0.0593076976346171,0.0488509442735178,0.0327156890871858,0.0303018311684457,0.0327255819475085,0.0167288268056943,0.0198846492486373
"Appingedam",7240,0.122790055248619,0.14267955801105,0.151243093922652,0.0835635359116022,0.197651933701657,0.0772099447513812,0.0929558011049724,0.0437845303867403,0.037292817679558,0.0222375690607735,0.00331491712707182,0.0135359116022099,0.0117403314917127
"Arnhem",88528,0.173933670703054,0.0688256822700163,0.119984637628773,0.166783390565697,0.102069401771191,0.147377101030183,0.0653352611603109,0.0246249774082776,0.023574462317007,0.0526161214530996,0.00249638532441713,0.0154640339779505,0.0369148743900235
"Assen",41712,0.167649597238205,0.115889911775988,0.100522631377062,0.125167817414653,0.121068277713847,0.104406405830456,0.0923235519754507,0.0847717683160721,0.0276179516685846,0.0311421173762946,0.00795934023782125,0.0163262370540852,0.00515439202148063
"Asten",10592,0.277756797583082,0.20779833836858,0.124622356495468,0.0968655589123867,0.123111782477341,0.0553247734138973,0.0345543806646526,0.00481495468277946,0.0361593655589124,0.0202039274924471,0.00160498489425982,0.016238670694864,0.000944108761329305
"Baarle-Nassau",4145,0.251869722557298,0.221471652593486,0.175150784077201,0.0755126658624849,0.0996381182147165,0.0516284680337756,0.0303980699638118,0.00554885404101327,0.0402895054282268,0.028226779252111,0.00217129071170084,0.0161640530759952,0.00193003618817853
"Baarn",15663,0.283342910042776,0.112622103045394,0.0976185915852646,0.152844282704463,0.0594394432739577,0.0902126029496265,0.0550341569303454,0.0374130115558961,0.0266232522505267,0.0378599246632191,0.0122581880865735,0.0190257294260359,0.0157058034859222
"Barendrecht",29690,0.25985180195352,0.12024250589424,0.158268777366117,0.101313573593803,0.0600875715729202,0.0622431795217245,0.0448299090602897,0.0415964971370832,0.0357359380262715,0.0248231727854496,0.0435836982148872,0.026507241495453,0.0209161333782418
"Barneveld",35732,0.178663382962051,0.192544497929027,0.0995466248740625,0.0483600134333371,0.0324359117877533,0.0272304936751371,0.019534310981753,0.11843725512146,0.0204018806671891,0.0112504197917833,0.227695063248629,0.0134613231837009,0.0104388223441173
"Bedum",6914,0.12351750072317,0.209140873589818,0.0727509401214926,0.0986404396875904,0.128001157072606,0.0960370263234018,0.0789702053803876,0.119757014752676,0.0199595024587793,0.0269019380966156,0.0140295053514608,0.0122938964420017,0
"Beek",10674,0.191118605958404,0.17088251826869,0.200299793891699,0.115420648304291,0.113640622072325,0.059584035975267,0.0371931796889638,0.00608956342514521,0.049091249765786,0.0258572231590781,0.00112422709387296,0.0254824807944538,0.00421585160202361
"Beemster",6183,0.368267831149927,0.116933527413877,0.105450428594533,0.122755943716642,0.0498140061458839,0.0729419375707585,0.0648552482613618,0.00711628659226912,0.0257156720038816,0.0367135694646612,0.00307294193757076,0.0244218017143781,0.00194080543425522
"Beesel",8141,0.19235966097531,0.15501781107972,0.216066822257708,0.098759366171232,0.125168898169758,0.0605576710477828,0.0400442206117185,0.00491340130205135,0.0546615894853212,0.0226016459894362,0.00159685542316669,0.017319739589731,0.0109323178970642
"Bellingwedde",5725,0.143406113537118,0.096943231441048,0.196157205240175,0.0702183406113537,0.186724890829694,0.0717903930131004,0.0962445414847162,0.028471615720524,0.0389519650655022,0.0473362445414847,0.00279475982532751,0.0207860262008734,0.000174672489082969
"Berg en Dal",23323,0.202246709256957,0.129014277751576,0.152939158770313,0.112764224156412,0.149509068301676,0.102816961797367,0.0583544140976718,0.00771770355443125,0.0319855936200317,0.036187454444111,0.00162929297260215,0.013248724435107,0.0015864168417442
"Bergeijk",10627,0.287663498635551,0.247576926696151,0.148207396254823,0,0.130422508704244,0.0541074621247765,0.0369812741131081,0.00875129387409429,0.0397101722028795,0.0237131834007716,0.00310529782629152,0.0191963865625294,0.000564599604780277
"Bergen (L)",8288,0.19280888030888,0.185448841698842,0.191722972972973,0.0710666023166023,0.204995173745174,0.0448841698841699,0.0294401544401544,0.00458494208494209,0.0383687258687259,0.0199083011583012,0.00132722007722008,0.0144787644787645,0.000965250965250965
"Bergen (NH)",20494,0.302625158583,0.102029862398751,0.109105103932858,0.129501317458768,0.0591392602712989,0.106372596857617,0.0671416024202205,0.0108324387625647,0.0307407045964673,0.0587001073484922,0.00170781692202596,0.0213721089099249,0.000731921538011125
"Bergen op Zoom",39306,0.243143540426398,0.107184653742431,0.17498600722536,0.104640512898794,0.107947895995522,0.0806492647432962,0.0427670075815397,0.0106090673179667,0.041418612934412,0.025161552943571,0.00160280873149138,0.0155192591461863,0.0443698163130311
"Berkelland",29335,0.228464291801602,0.207908641554457,0.102096471791375,0.116175217317198,0.130697119481848,0.0672575421851031,0.0687574569626726,0.0142832793591273,0.0266575762740753,0.0196011590250554,0.00272711777739901,0.0130219873870803,0.00235213908300665
"Bernheze",18807,0.257085127877918,0.20444515340033,0.118945073642793,0.110437603020152,0.154251076726751,0.0525336310948051,0.0340830541819535,0.00574254267028234,0.0295102887222843,0.0146222151326634,0.00111660551922157,0.0149412452810124,0.00228638272983464
"Best",18228,0.267610269914417,0.135889839806891,0.129251700680272,0.123875356594251,0.120364274742155,0.0663813912661839,0.0382378757954795,0.022108843537415,0.043888523151196,0.0226025894228659,0.0021395655036208,0.0153061224489796,0.0123436471362739
"Beuningen",16435,0.255613020991786,0.128202007909948,0.149741405536964,0.122299969577122,0.127411013081838,0.0786735625190143,0.049528445390934,0.00888348037724369,0.0382111347733496,0.0209917858229389,0.00139945238819592,0.0160024338302403,0.00304228780042592
"Beverwijk",22893,0.226575809199319,0.0801118245751977,0.164810203992487,0.115057004324466,0.101472065696938,0.0974970515004587,0.0604114794915476,0.0121871314375573,0.0437688376359586,0.0369545275848513,0.00170357751277683,0.0246800331979208,0.034770453850522
"het Bildt",6313,0.172976397909077,0.219546966576905,0.115792808490417,0.0787264375099002,0.130207508316173,0.0723903057183589,0.0799936638682085,0.0362743545065737,0.0334230952003802,0.0343735149691114,0.00459369554886742,0.0217012513860288,0
"De Bilt",28353,0.268754629139774,0.103093147109653,0.0838711952879766,0.162346136211336,0.0581949000105809,0.114520509293549,0.0600641907381935,0.035234366733679,0.0206680069128487,0.0396430712799351,0.0314957852784538,0.0138609670934293,0.00825309491059147
"Binnenmaas",19282,0.251374338761539,0.140338139197179,0.152629395290945,0.086349963696712,0.066279431594233,0.0481796494139612,0.0594855305466238,0.0467275178923348,0.0339176433979878,0.0294056633129343,0.0606264910279017,0.0240120319468935,0.000674203920755108
"Bladel",12621,0.262182077489898,0.192060850962681,0.131606053403058,0.0942080659218762,0.141114016322003,0.0536407574677125,0.0354963948973932,0.00594247682434039,0.0438950954757943,0.0206798193487045,0.00174312653513985,0.0171935662784248,0.000237699072973615
"Blaricum",6834,0.399912203687445,0.11164764413228,0.0891132572431958,0.134182031021364,0.0440444834650278,0.0512145156570091,0.0491659350307287,0.017705589698566,0.027363184079602,0.0313140181445713,0.00512145156570091,0.0323383084577114,0.00687737781679836
"Bloemendaal",15060,0.400929614873838,0.100332005312085,0.0559096945551129,0.18207171314741,0.0306772908366534,0.0841965471447543,0.0530544488711819,0.0142098273572377,0.0157370517928287,0.0423638778220452,0.00252324037184595,0.0169322709163347,0.00106241699867198
"Bodegraven-Reeuwijk",21798,0.273052573630608,0.16129920176163,0.117166712542435,0.0943205798697128,0.0402789246719883,0.0570235801449674,0.0361042297458482,0.0682631434076521,0.0240847784200385,0.0177080466097807,0.0812918616386824,0.0180750527571337,0.0113313147995229
"Boekel",6382,0.248354747727985,0.244907552491382,0.135067376997806,0.088060169225948,0.151833281103102,0.0401128172986525,0.0280476339705421,0.00407395800689439,0.0266374177373864,0.0173926668755876,0.00125352554058289,0.0139454716389846,0.000313381385145722
"Ten Boer",4799,0.110856428422588,0.177536986872265,0.0823088143363201,0.0866847259845801,0.13398624713482,0.109814544696812,0.0852260887684934,0.123984163367368,0.026880600125026,0.0302146280475099,0.0200041675349031,0.0122942279641592,0.000208376745155241
"Borger-Odoorn",16727,0.196090153643809,0.131344532791296,0.150654630238537,0.0911101811442578,0.145513242063729,0.0649847551862259,0.0890775393077061,0.0389788963950499,0.0365875530579303,0.0280385006277276,0.00741316434507084,0.0202068511986608,0
"Borne",14866,0.230055159424189,0.240548903538275,0.110251580788376,0.123705098883358,0.101304991255213,0.0640387461321135,0.0521323826180546,0.0156733485806538,0.0233418538947935,0.0166823624377775,0.002219830485672,0.0164805596663527,0.00356518229517019
"Borsele",14328,0.192071468453378,0.171621998883305,0.115159128978224,0.071608040201005,0.0787967615857063,0.0464126186487996,0.0443188163037409,0.0353852596314908,0.0342685650474595,0.0250558347292016,0.167434394193188,0.0175879396984925,0.000279173646007817
"Boxtel",18442,0.231753605899577,0.136156599067346,0.125040668040343,0.13485522177638,0.145103567942739,0.086107797418935,0.0504283700249431,0.00867584860644182,0.0308534866066587,0.025105736904891,0.000976032968224704,0.0144235983082095,0.0105194664353107
"Breda",108986,0.276558457049529,0.0963242985337566,0.117070082395904,0.151652505826436,0.0963242985337566,0.106132897803388,0.0488594865395555,0.0101113904538198,0.0254252839814288,0.0341236489090342,0.00144972748793423,0.0164057768887747,0.0195621455966821
"Brielle",10874,0.290601434614677,0.110538900128747,0.18061430936178,0.0983078903807247,0.0876402427809454,0.0555453375022991,0.0556372999816075,0.0138863343755748,0.0385322788302373,0.0302556556924775,0.00459812396542211,0.0323707927165716,0.00147139966893507
"Bronckhorst",24292,0.260291453976618,0.215173719743125,0.0927465832372798,0.117322575333443,0.0935287337395027,0.0611724024370163,0.0603902519347933,0.0210768977441133,0.0302157088753499,0.024370163016631,0.00926230857895603,0.0134200559855096,0.00102914539766178
"Brummen",13659,0.234204553774068,0.125338604583059,0.122190497108134,0.122336920711619,0.110256973424116,0.0843399956072919,0.0785562632696391,0.0180101032286405,0.0356541474485687,0.029723991507431,0.00417307269931913,0.0156673255728823,0.0195475510652317
"Brunssum",17183,0.130070418436827,0.113658848862248,0.268346621660944,0.0734446836990048,0.187627306058313,0.0552290054123261,0.043007623814235,0.0129779433160682,0.0555781877437002,0.0335797008671361,0.00261886748530524,0.0187394517837397,0.00512134086015248
"Bunnik",10161,0.246530853262474,0.147032772364925,0.0785355772069678,0.167306367483515,0.0454679657514024,0.134041925007381,0.0674146245448283,0.03228028737329,0.0202735951185907,0.0305088081881705,0.0158448971557918,0.0133845093986812,0.00137781714398189
"Bunschoten",13337,0.152957936567444,0.250581090200195,0.13308840068981,0.025642948189248,0.0232436080077979,0.0193446802129414,0.0126715153332833,0.257029316937842,0.0181450101222164,0.00734797930569094,0.0761040713803704,0.0167204018894804,0.00712304116367999
"Buren",16948,0.283278262921879,0.122551333490677,0.17819211706396,0.0924592872315317,0.0646683974510267,0.046023129572811,0.0538706632050979,0.0274368657068681,0.0335732829832429,0.0239556289827708,0.0522775548737314,0.0210054283691291,0.000708048147274015
"Capelle aan den IJssel",37925,0.207092946605142,0.0905735003295979,0.169782465392221,0.106526038233355,0.0850098879367172,0.076704021094265,0.0580883322346737,0.041766644693474,0.0405009887936717,0.0348846407382993,0.0531575477916941,0.0226763348714568,0.0132366512854318
"Castricum",24162,0.29310487542422,0.116505256187402,0.0826504428441354,0.149656485390282,0.0709792235742074,0.111166294180945,0.0716828077145932,0.0122920288055625,0.0282261402201804,0.0408492674447479,0.0018624286069034,0.019865905140303,0.00115884446651767
"Coevorden",22718,0.225504005634299,0.16898494585791,0.142133990668193,0.0924377145875517,0.116471520380315,0.0586759397834316,0.0874636851835549,0.02561845232855,0.0369750858350207,0.0204683510872436,0.00765912492296857,0.0167708425037415,0.000836341227220706
"Cranendonck",12930,0.248337200309358,0.180123743232792,0.177880897138438,0.0922660479505027,0.125986078886311,0.0423820572312452,0.0328692962103635,0.00688321732405259,0.0461716937354988,0.0259860788863109,0.00139211136890951,0.0187161639597834,0.00100541376643465
"Cromstrijen",8685,0.261024755325273,0.135405872193437,0.155440414507772,0.0869314910765688,0.0712723085780081,0.0491652274035694,0.0538860103626943,0.0355785837651123,0.0373056994818653,0.0255613126079447,0.0671272308578008,0.0210708117443869,0.00023028209556707
"Cuijk",15574,0.210286374727109,0.140105303711314,0.127134968537306,0.11294465134198,0.19641710543213,0.0715294721972518,0.0405162450237575,0.0062283292667266,0.0282522152305124,0.0238859637857968,0.000513676640554771,0.011686143572621,0.0304995505329395
"Culemborg",17454,0.210438867881288,0.0963675948206715,0.132691646613957,0.131717657843474,0.0727053970436576,0.126102899048929,0.0658301821931935,0.0288759023719491,0.0279592070585539,0.0376418013062908,0.0100263549902601,0.0155265268706314,0.0441159619571445
"Dalfsen",18583,0.194801700478932,0.320615616423613,0.0786740569337567,0.0847010708712264,0.0676962815476511,0.0430500995533552,0.0428886616800301,0.0889522682021202,0.0248076198676209,0.0164666630791584,0.0245385567454125,0.0126459667437981,0.000161437873325082
"Dantumadiel",11913,0.0984638630067993,0.261730882229497,0.142953076471082,0.0501133215814656,0.124569797699992,0.0462519936204147,0.0585914547133384,0.104843448333753,0.0268614119029632,0.0169562662637455,0.0556534877864518,0.0127591706539075,0.00025182573659028
"Delft",59617,0.180820906788332,0.075632789305064,0.116829092372981,0.206316990120268,0.0680175117835517,0.145965077075331,0.066256269184964,0.0322055789456028,0.0266702450643273,0.0393847392522267,0.00543469144707047,0.0173104986832615,0.01915560997702
"Delfzijl",14990,0.131754503002001,0.138759172781855,0.160173448965977,0.0793862575050033,0.169446297531688,0.0685790527018012,0.0881921280853903,0.0531687791861241,0.0482321547698466,0.0230153435623749,0.0057371581054036,0.0156771180787191,0.0178785857238159
"Deurne",19856,0.261130136986301,0.195608380338437,0.145598307816277,0.0912570507655117,0.139202256244964,0.054441982272361,0.032030620467365,0.00448227236099919,0.0387792103142627,0.0186341659951652,0.00125906526994359,0.0156124093473006,0.00196414182111201
"Deventer",60979,0.186113252103183,0.102756686728218,0.106954853310156,0.149149707276275,0.104609783696026,0.120320110201873,0.084012528903393,0.026763311959855,0.0296823496613588,0.0363731776513226,0.00309942767182145,0.0127912888043425,0.037373522032175
"Diemen",15096,0.206147323794383,0.0617382087970323,0.120959194488606,0.150172231054584,0.0760466348701643,0.153219395866455,0.0857843137254902,0.0178192898781134,0.0391494435612083,0.044912559618442,0.00105988341282459,0.0196740858505564,0.023317435082141
"Dinkelland",17586,0.253155919481406,0.373023996360742,0.112305242806778,0.083361765040373,0.0621517115887638,0.0337768679631525,0.0315023313999773,0.00523143409530308,0.0212669168656886,0.0105765950187649,0.00159217559422268,0.0116569998862732,0.000398043898555669
"Doesburg",7334,0.184619580038178,0.112353422416144,0.143714207799291,0.119580038178347,0.146986637578402,0.0857649304608672,0.0662667030269975,0.0207253886010363,0.032315244068721,0.0338151077174802,0.00286337605672212,0.014044177802018,0.0369511862557949
"Doetinchem",35215,0.215135595626864,0.141303421837285,0.127360499787023,0.128269203464433,0.126622178049127,0.0818117279568366,0.0650575039045861,0.0231435467840409,0.0289081357376118,0.0246769842396706,0.0101093284111884,0.0131762033224478,0.0144256708788868
"Dongen",15818,0.260083449235049,0.136869389303325,0.134972815779492,0.116639271715767,0.122328992287268,0.0696042483246934,0.0500063219117461,0.0134024529017575,0.0346440763686939,0.0224427866986977,0.00341383234290049,0.0149829308382855,0.0206094322923252
"Dongeradeel",14976,0.12747061965812,0.304220085470085,0.113648504273504,0.0680422008547008,0.106103098290598,0.0601629273504274,0.055221688034188,0.0794604700854701,0.0264423076923077,0.0255074786324786,0.0142227564102564,0.0192975427350427,0.000200320512820513
"Dordrecht",68424,0.185519700689816,0.093563661873027,0.15919852683269,0.103779375657664,0.0946743832573366,0.0926867765696247,0.0573629135975681,0.0473079621185549,0.0324593709809424,0.0396790599789548,0.0309978954752718,0.0171284929264586,0.0456418800420905
"Drechterland",12398,0.316905952572996,0.147846426843039,0.121793837715761,0.120745281497016,0.0708178738506211,0.0654944345862236,0.0524278109372479,0.0112114857235038,0.036054202290692,0.0283916760767866,0.00217777060816261,0.0258912727859332,0.000241974512018067
"Drimmelen",17196,0.281228192602931,0.135322167946034,0.168469411491044,0.102930914166085,0.114328913700861,0.0604791812049314,0.0418702023726448,0.00843219353337986,0.040067457548267,0.0260525703652012,0.00273319376599209,0.0172133054198651,0.000872295882763433
"Dronten",25008,0.258997120921305,0.180542226487524,0.118242162507997,0.089691298784389,0.0740163147792706,0.0646593090211132,0.041746641074856,0.0701375559820857,0.0317098528470889,0.0227527191298784,0.0153150991682662,0.0209133077415227,0.0112763915547025
"Druten",11780,0.256706281833616,0.129456706281834,0.142105263157895,0.122410865874363,0.132852292020374,0.0659592529711375,0.0494057724957555,0.00585738539898132,0.0377758913412564,0.0211375212224109,0.00169779286926995,0.0169779286926995,0.0176570458404075
"Duiven",16399,0.257271784864931,0.142996524178304,0.130007927312641,0.125190560400024,0.107933410573815,0.0791511677541313,0.0523812427587048,0.0154277699859748,0.0392097079090188,0.0262820903713641,0.00219525580828099,0.018476736386365,0.00347582169644491
"Echt-Susteren",20115,0.162167536664181,0.198558289833458,0.229828486204325,0.0875466070096943,0.128262490678598,0.0528958488690032,0.0327616206810838,0.00531941337310465,0.051404424558787,0.029878200347999,0.00109371116082525,0.017946805866269,0.00233656475267214
"Edam-Volendam",23662,0.233158651001606,0.22191699771786,0.220268785394303,0.0700278928239371,0.0365987659538501,0.0515172005747612,0.0378243597329051,0.0066351111486772,0.0286535373172175,0.0262868734680078,0.0019017834502578,0.0621249260417547,0.00308511537486265
"Ede",71551,0.190269877430085,0.149348017498008,0.104121535687831,0.0919763525317606,0.0499084569048651,0.0640801665944571,0.0381546030104401,0.102695979091837,0.0219843188774441,0.0225014325446185,0.128174309233973,0.0153736495646462,0.0214113010300345
"Eemnes",5986,0.318409622452389,0.1343133979285,0.106916137654527,0.133645172068159,0.0574674239893084,0.0624791179418644,0.057133311059138,0.0283995990644838,0.0309054460407618,0.0345806882726361,0.00935516204477113,0.0250584697627798,0.00133645172068159
"Eemsmond",10111,0.124517851844526,0.171199683513006,0.111166056769855,0.072989813074869,0.164869943625754,0.0754623677183266,0.0949460983087726,0.100682425081594,0.0269013945208189,0.0312530906933043,0.0138463060033627,0.0120660666600732,9.89021857383048e-05
"Eersel",11986,0.278908726847989,0.204738862005673,0.109294176539296,0.112130819289171,0.11988987151677,0.0551476722843317,0.0378775237777407,0.00734189888202903,0.0358751877190055,0.022192557984315,0.00191890538962122,0.0142666444184882,0.000417153345569831
"Eijsden-Margraten",16700,0.204431137724551,0.209041916167665,0.143293413173653,0.120958083832335,0.0967065868263473,0.0704191616766467,0.0491017964071856,0.00622754491017964,0.0452694610778443,0.0288622754491018,0.00101796407185629,0.0245508982035928,0.000119760479041916
"Eindhoven",125866,0.191648260848839,0.0864570257257719,0.125927573768929,0.161115789808209,0.115988432142119,0.121081149794226,0.0525956175615337,0.0157786852684601,0.0357999777541195,0.0401220345446745,0.00198623933389478,0.0169942637408037,0.0345049497084201
"Elburg",14640,0.160997267759563,0.195696721311475,0.104030054644809,0.0491120218579235,0.0504098360655738,0.0298497267759563,0.0258196721311475,0.181762295081967,0.0228142076502732,0.0140710382513661,0.155737704918033,0.00956284153005465,0.000136612021857923
"Emmen",65810,0.149962011852302,0.143671174593527,0.1886947272451,0.0815529554778909,0.155401914602644,0.0654003950767361,0.0855037228384744,0.0296763409816137,0.0457073393101352,0.0214557058197842,0.00498404497796687,0.023066403282176,0.00492326394165021
"Enkhuizen",11351,0.228878512906352,0.102017443397058,0.131794555545767,0.119460840454585,0.109770064311514,0.0904766099903092,0.070654567879482,0.0215840014095674,0.0362963615540481,0.0407012598008986,0.0144480662496696,0.0196458461809532,0.0142718703197956
"Enschede",90902,0.167609073507734,0.122802578601131,0.157653296957163,0.135992607423379,0.117192140986997,0.0943213570658511,0.0642120085366659,0.0355437724142483,0.0233658225341577,0.0280631889287364,0.00413632263316539,0.0185914501331104,0.0305163802776617
"Epe",21154,0.240001890895339,0.155053417793325,0.122530017963506,0.097381109955564,0.0756358135577196,0.055355961047556,0.0644795310579559,0.0532759761747187,0.0356906495225489,0.0264252623617283,0.0422142384419022,0.0147489836437553,0.0172071475843812
"Ermelo",17328,0.210410895660203,0.206255771006464,0.0947599261311173,0.0762349953831948,0.0533240997229917,0.0564404432132964,0.0348568790397045,0.127943213296399,0.0240073868882733,0.0255078485687904,0.0693097876269621,0.0170244690674054,0.00392428439519852
"Etten-Leur",25724,0.265938423262323,0.137653553102161,0.162183175244907,0.102005908878868,0.11129684341471,0.0742108536774996,0.0414010262789613,0.00940755714507853,0.0354921474109781,0.0218084279272275,0.00198258435702068,0.0156663038407713,0.0209531954594931
"Ferwerderadiel",5309,0.14692032397815,0.280843850065926,0.106423055189301,0.0651723488415897,0.107553211527595,0.0617818798267094,0.0636654737238651,0.0772273497833867,0.0348464870973818,0.0275004708984743,0.0101714070446412,0.0171407044641175,0.000753437558862309
"Franekeradeel",12657,0.179189381369993,0.217903136604251,0.114245081772932,0.0886465987200759,0.107687445682231,0.0825630086118354,0.0812198783281978,0.0444023070237813,0.0338942877459114,0.027020621000237,0.00481946748834637,0.017539701351031,0.000869084301177214
"De Fryske Marren",32876,0.220981871273878,0.22639615525003,0.110597396276919,0.0962404185424018,0.0929249300401509,0.0670702031877357,0.0709636208784524,0.0315427667599465,0.0291397980289573,0.0229650809100864,0.0109502372551405,0.0186154033337389,0.00161211826256236
"Geertruidenberg",13290,0.252972159518435,0.127539503386005,0.192174567343868,0.0876598946576373,0.13732129420617,0.0602708803611738,0.0437923250564334,0.00955605718585403,0.0393528969149737,0.0215951843491347,0.00316027088036117,0.0227990970654628,0.0018058690744921
"Geldermalsen",17190,0.256428155904596,0.134264107038976,0.166375799883653,0.0875509016870273,0.056369982547993,0.0533449680046539,0.0425247236765561,0.0253054101221641,0.0322862129144852,0.0196044211751018,0.10151250727167,0.0211169284467714,0.00331588132635253
"Geldrop-Mierlo",24222,0.219304764263892,0.139418710263397,0.152877549335315,0.124184625547023,0.133762695070597,0.0809594583436545,0.0437205845925192,0.0123441499463298,0.036124184625547,0.0298901824787383,0.00127982825530509,0.016390058624391,0.0097432086532904
"Gemert-Bakel",18515,0.23067782878747,0.199351876856603,0.153551174723197,0.0923575479341075,0.16003240615717,0.0576289495004051,0.0313799621928166,0.00367269781258439,0.0331623008371591,0.0211180124223602,0.00124223602484472,0.0151228733459357,0.000702133405347016
"Gennep",10701,0.212690402766097,0.142042799738342,0.128586113447341,0.103635174282777,0.217269414073451,0.0647603027754416,0.0477525464909822,0.00775628445939632,0.0262592281095225,0.026539575740585,0.0010279413138959,0.015699467339501,0.00598074946266704
"Giessenlanden",9813,0.255579333537145,0.177111994293284,0.108223784775298,0.068990115153368,0.063385305207378,0.0400489147049832,0.0512585345969632,0.104147559360033,0.0248649750331193,0.0180372974625497,0.070111077142566,0.0175277692856415,0.000713339447671456
"Gilze en Rijen",16143,0.241776621445828,0.139750975655083,0.145945611100787,0.112494579693985,0.122344050052654,0.0719197175246237,0.0429907699931859,0.00557517190113362,0.0442296970823267,0.0226104193768197,0.00185839063371121,0.0192653162361395,0.029238679303723
"Goeree-Overflakkee",31701,0.19491498690893,0.129491183243431,0.156272672786347,0.0532159868773856,0.06630705655973,0.0346361313523233,0.0434055708021829,0.0734992586984638,0.0301567773887259,0.0207879877606385,0.178038547679884,0.0190214819721775,0.000252357969780133
"Goes",23298,0.200703923083526,0.147394626148167,0.110567430680745,0.099922740149369,0.104558331187226,0.0800927118207571,0.0597046956820328,0.0491029272898961,0.0309468623916216,0.0314619280624946,0.0649841188084814,0.0153661258477123,0.00519357884796978
"Goirle",15055,0.247027565592826,0.134041846562604,0.127333111922949,0.135237462636998,0.133842577216871,0.0846894719362338,0.0486881434739289,0.00571238791099303,0.0364662902690136,0.0238458983726337,0.000464961806708735,0.0173364330787114,0.0053138492195284
"Gooise Meren",35648,0.341646095152603,0.0912253141831239,0.0739452423698384,0.182646992818671,0.045556552962298,0.0903557001795332,0.0586568671454219,0.0167751346499102,0.0251346499102334,0.0394131508078995,0.00392728904847397,0.0198047576301616,0.0109122531418312
"Gorinchem",21304,0.213387157341344,0.100215921892602,0.135326699211416,0.112748779571911,0.0896075854299662,0.0817217423957942,0.0628989861058956,0.0525253473526098,0.0308392790086369,0.0293372136687946,0.0221554637626737,0.0187758167480285,0.0504600075103267
"Gouda",43572,0.168938768016157,0.100982282199578,0.125562287707702,0.131965482419903,0.0731662535573304,0.106949417056825,0.0627237675571468,0.0624483613329661,0.0275865234554301,0.0357569081061232,0.0458092352887175,0.0182915633893326,0.039819149912788
"Grave",7856,0.233070264765784,0.151349287169043,0.143711812627291,0.116089613034623,0.161023421588595,0.0670824847250509,0.0432790224032587,0.00636456211812627,0.0334775967413442,0.0263492871690428,0.00127291242362525,0.0161659877800407,0.000763747454175153
"'s-Gravenhage",317430,0.212944586207983,0.0625429228491321,0.142525911224522,0.16270988879438,0.0554893992376272,0.123624106102133,0.0686261537976877,0.0193239454367892,0.0247298617017925,0.0434268972686892,0.00516019279841225,0.018211889235422,0.0606842453454305
"Groningen",128094,0.138148547160679,0.0673021374927787,0.0680984277171452,0.202765156837947,0.110481365247396,0.192374350086655,0.0814870329601699,0.0449435570752728,0.0170265586210127,0.0525941886427155,0.00353646540821584,0.0173310225303293,0.00391119021968242
"Grootegast",7461,0.142474199169012,0.27503015681544,0.116204262163249,0.0666130545503284,0.104677657150516,0.055354510119287,0.04583835946924,0.108430505294196,0.0247956038064603,0.0176919983916365,0.0234553008980029,0.0193003618817853,0.000134030290845731
"Gulpen-Wittem",9825,0.173333333333333,0.189821882951654,0.181577608142494,0.0938422391857506,0.121933842239186,0.0871246819338422,0.0434605597964377,0.00702290076335878,0.0513994910941476,0.0293129770992366,0.00305343511450382,0.0169974554707379,0.00111959287531807
"Haaksbergen",15888,0.240747734138973,0.246475327291037,0.112789526686808,0.109264853977845,0.0998237663645519,0.0501007049345418,0.051233635448137,0.0107628398791541,0.0297079556898288,0.0159239677744209,0.00201409869083585,0.0155463242698892,0.0156092648539778
"Haaren",8845,0.287846240814019,0.198304126625212,0.102656868287168,0.116902204635387,0.102996042962126,0.0703222159412097,0.0385528547201809,0.00825325042396834,0.0366308648954211,0.0229508196721311,0.00180893159977388,0.0117580553985302,0.00101752402487281
"Haarlem",94772,0.19464609800363,0.0617587473093319,0.0949436542438695,0.182469505761195,0.0712552230616638,0.160089477904866,0.079263917612797,0.0177478580171359,0.0280462583885536,0.0577807791330773,0.00226860254083485,0.0172730342295193,0.0324568437935255
"Haarlemmerliede en Spaarnwoude",3671,0.306728411876873,0.114682647779896,0.123127213293381,0.129120130754563,0.0585671479160992,0.0942522473440479,0.0582947425769545,0.0119858349223645,0.032416235358213,0.0394987741759738,0.00217924271315718,0.023971669844729,0.0051757014437483
"Haarlemmermeer",87278,0.303455624556016,0.105204060588006,0.138591626755883,0.124922660922569,0.0587547835651596,0.0753798208024932,0.0511239945919934,0.0254703361671899,0.0378675038383098,0.0321730562111872,0.0075162125621577,0.0237173170787598,0.0158230023602741
"Halderberge",18012,0.263268931823229,0.138574283810793,0.201532311792139,0.0831112591605596,0.123362202975794,0.0558516544525872,0.0349766822118588,0.00810570730624029,0.0396957583833,0.0208749722407284,0.00183211192538308,0.01587830335332,0.0129358205640684
"Hardenberg",38344,0.174864385562278,0.259727727936574,0.11336845399541,0.0693980805341122,0.0873930732317964,0.0404496140204465,0.0445962862507824,0.128729397037346,0.0304610890882537,0.0136136031712915,0.0199248904652618,0.0166910077195911,0.000782390986855831
"Harderwijk",28647,0.232101092610046,0.171326840506859,0.110727126749747,0.0867455579990924,0.0570740391664049,0.0656962334624917,0.0422382797500611,0.0996264879394003,0.0262505672496247,0.0247495374733829,0.0275770586797919,0.0158480818235766,0.0400390965895207
"Hardinxveld-Giessendam",11508,0.159193604449079,0.151286061870003,0.114615919360445,0.0384949600278067,0.0535279805352798,0.0253736531108794,0.0362356621480709,0.167709419534237,0.0199860966284324,0.0127737226277372,0.205074730622176,0.0139902676399027,0.00173792144595064
"Haren",13161,0.223843173011169,0.115948636121875,0.0498442367601246,0.174834739001596,0.0648886862700403,0.141554593116025,0.0885191094901603,0.0582022642656333,0.0183116784438872,0.0428538864827901,0.0056986551173923,0.0148924853734519,0.000607856545855178
"Harlingen",9701,0.189774250077312,0.14019173281105,0.137511596742604,0.0890629831976085,0.127100298938254,0.0794763426450881,0.0872075043809916,0.0378311514276879,0.0448407380682404,0.0357695082981136,0.00494794351097825,0.0247397175548912,0.0015462323471807
"Hattem",8058,0.187639612807148,0.189377016629437,0.0816579796475552,0.102630925788037,0.0724745594440308,0.0560933234053115,0.0698684537105982,0.166542566393646,0.0209729461404815,0.0163812360387193,0.0223380491437081,0.0114172251178953,0.00260610573343261
"Heemskerk",24562,0.244809054637245,0.108419509811905,0.13989088836414,0.124094129142578,0.0965719403957332,0.0936405830144125,0.062047064571289,0.0145753603126781,0.0411611432293787,0.0328963439459327,0.00207637814510219,0.0244279781776728,0.0153896262519339
"Heemstede",17800,0.364101123595506,0.101797752808989,0.0597752808988764,0.187921348314607,0.0381460674157303,0.0917977528089888,0.0575842696629214,0.0162359550561798,0.0221348314606742,0.0387078651685393,0.00258426966292135,0.0170786516853933,0.00213483146067416
"Heerde",12215,0.182808022922636,0.214490380679492,0.1250920998772,0.0738436348751535,0.0759721653704462,0.0416700777732296,0.0570609905853459,0.130904625460499,0.0272615636512485,0.0182562423250102,0.0383135489152681,0.0125255832992223,0.00180106426524765
"Heerenveen",31367,0.199540918800013,0.137660598718398,0.0994675933305703,0.119775560302228,0.120540695635541,0.0955143941084579,0.107692798163675,0.0352599866101317,0.028628813721427,0.0277042751936749,0.00398507986100041,0.0166416934995377,0.00758759205534479
"Heerhugowaard",32063,0.26734865733088,0.111124972709977,0.124504881015501,0.126220253875183,0.0954682967906933,0.0862676605433054,0.060786576427658,0.0205220971212925,0.035399058104357,0.0330287246982503,0.00215201322396532,0.0214577550447556,0.0157190531141815
"Heerlen",49473,0.132213530612657,0.0974673053989045,0.237968184666384,0.0863299173286439,0.206435833687062,0.0726456855254381,0.0413154650011117,0.00788308774483051,0.0454995654195218,0.0380207385846826,0.00167768277646393,0.018838558405595,0.0137044448487054
"Heeze-Leende",10307,0.29620646162802,0.177452216939944,0.113709129717668,0.128165324536723,0.106238478703794,0.0606384010866401,0.0407490055302222,0.00882895119821481,0.0284272824294169,0.0227030173668381,0.00164936450955661,0.0141651304938391,0.00106723585912487
"Heiloo",15669,0.308379603037845,0.113025719573681,0.0744144489118642,0.162933180164656,0.0562256685174548,0.101410428234093,0.0763928776565192,0.0151892271363839,0.0243793477567171,0.0439721743570107,0.00338247495053928,0.0192099049077797,0.001084944795456
"Den Helder",32850,0.222130898021309,0.122557077625571,0.19662100456621,0.0889193302891933,0.0847184170471842,0.0652663622526636,0.0571385083713851,0.0329680365296804,0.0545814307458143,0.0330593607305936,0.00876712328767123,0.0303196347031963,0.00295281582952816
"Hellendoorn",23785,0.194324153878495,0.306369560647467,0.105024174900147,0.0888375026277065,0.094134959007778,0.0543199495480345,0.0446920327937776,0.0491065797771705,0.0251418961530376,0.0157662392264032,0.00807231448391844,0.0126550346857263,0.00155560227033845
"Hellevoetsluis",23388,0.242645801265606,0.090559261159569,0.222550025654182,0.0865828630066701,0.0886779545065846,0.0581494783649735,0.056139900803831,0.0187703095604584,0.0520352317427741,0.0338635197537199,0.00427569693860099,0.0315974003762613,0.0141525568667693
"Helmond",49052,0.213915844410014,0.107477778683846,0.209165783250428,0.0973864470357987,0.14407159748838,0.072005218951317,0.038693631248471,0.00790997308978227,0.0367976840903531,0.0242191959553127,0.00103971295767757,0.0167169534371687,0.0306001794014515
"Hendrik-Ido-Ambacht",18643,0.236764469237784,0.125140803518747,0.136029608968514,0.0829265676125087,0.0604516440487046,0.0457007992275921,0.040926889449123,0.0632408947057877,0.0283752614922491,0.0205439038781312,0.130933862575766,0.0200075095209998,0.00895778576409376
"Hengelo",50345,0.189115105770186,0.16760353560433,0.122753004270533,0.129744761148078,0.131075578508293,0.0816962955606316,0.0632038931373523,0.024630052636806,0.0234581388419903,0.0263779918561923,0.00284040123150263,0.0173403515741384,0.0201608898599662
"'s-Hertogenbosch",93863,0.231006893024941,0.0984519991903093,0.147129326784782,0.14365617975134,0.108647709960261,0.10886078646538,0.0503286705091463,0.00905575146756443,0.0294045577064445,0.0331973194975656,0.00149153553583414,0.0163216602921279,0.0224476098143038
"Heumen",11051,0.245045697221971,0.150122160890417,0.096280879558411,0.155732512894761,0.110759207311556,0.104334449371098,0.0603565288209212,0.0115826622025156,0.0228033662112026,0.0294995927970319,0.000814405936114379,0.0113111935571441,0.0013573432268573
"Heusden",27381,0.266206493553924,0.146451919214054,0.161243197837917,0.108834593331142,0.113984149592783,0.0599685913589715,0.0403564515539973,0.0109565026843432,0.0340747233483072,0.0238121325006391,0.00230086556371206,0.0166904057558161,0.0151199737043936
"Hillegom",13259,0.29187721547628,0.123764989818237,0.137265253789879,0.120144807300701,0.0660683309450185,0.0739120597330115,0.0518138622822234,0.0175729693038691,0.0426125650501546,0.0334112678180858,0.00565653518364884,0.029413982954974,0.00648616034391734
